{
  "space": "CAM02-UCS",
  "cvdModel": "Machado et al. 2009 \u2014 severity 100 (full dichromacy)",
  "cvdLabels": {
    "deuter": "deuteranopia",
    "protan": "protanopia",
    "tritan": "tritanopia"
  },
  "thresholds": [
    5.0,
    10.0,
    15.0
  ],
  "anchorsOutsidePool": [
    "amber",
    "neutral"
  ],
  "neutralTheme": "light",
  "note": "Pairwise \u0394E in CAM02-UCS among the 8 categorical imprint hues plus the amber and neutral anchors. <5 indistinguishable, <10 weak, <15 acceptable, >=15 comfortable (Petroff 2021). The neutral row/column uses the light-theme ink #1A1A17.",
  "labels": [
    "green",
    "lavender",
    "blue",
    "ochre",
    "red",
    "cyan",
    "rose",
    "lime",
    "amber",
    "neutral"
  ],
  "hexes": [
    "#009E73",
    "#C475FD",
    "#4467A3",
    "#BD8233",
    "#AE3030",
    "#2ABCCD",
    "#954477",
    "#99B314",
    "#DDCC77",
    "#1A1A17"
  ],
  "matrices": {
    "normal": [
      [
        0.0,
        54.15,
        36.89,
        36.74,
        55.56,
        22.51,
        51.01,
        28.2,
        36.97,
        51.97
      ],
      [
        54.15,
        0.0,
        33.14,
        50.02,
        46.66,
        43.32,
        30.03,
        63.89,
        53.83,
        63.8
      ],
      [
        36.89,
        33.14,
        0.0,
        51.14,
        50.92,
        32.35,
        33.95,
        58.63,
        58.83,
        41.06
      ],
      [
        36.74,
        50.02,
        51.14,
        0.0,
        28.81,
        47.56,
        37.15,
        24.0,
        23.65,
        55.09
      ],
      [
        55.56,
        46.66,
        50.92,
        28.81,
        0.0,
        63.46,
        20.73,
        52.05,
        50.31,
        45.43
      ],
      [
        22.51,
        43.32,
        32.35,
        47.56,
        63.46,
        0.0,
        53.07,
        42.74,
        41.42,
        63.92
      ],
      [
        51.01,
        30.03,
        33.95,
        37.15,
        20.73,
        53.07,
        0.0,
        57.15,
        53.75,
        40.84
      ],
      [
        28.2,
        63.89,
        58.63,
        24.0,
        52.05,
        42.74,
        57.15,
        0.0,
        19.56,
        65.63
      ],
      [
        36.97,
        53.83,
        58.83,
        23.65,
        50.31,
        41.42,
        53.75,
        19.56,
        0.0,
        73.97
      ],
      [
        51.97,
        63.8,
        41.06,
        55.09,
        45.43,
        63.92,
        40.84,
        65.63,
        73.97,
        0.0
      ]
    ],
    "deuter": [
      [
        0.0,
        36.19,
        33.24,
        18.76,
        17.44,
        25.55,
        19.81,
        25.75,
        30.19,
        46.04
      ],
      [
        36.19,
        0.0,
        22.59,
        52.97,
        51.34,
        13.81,
        29.28,
        57.33,
        53.58,
        61.47
      ],
      [
        33.24,
        22.59,
        0.0,
        51.37,
        42.03,
        27.42,
        15.34,
        58.43,
        60.43,
        40.23
      ],
      [
        18.76,
        52.97,
        51.37,
        0.0,
        18.23,
        41.02,
        37.47,
        8.81,
        21.24,
        55.76
      ],
      [
        17.44,
        51.34,
        42.03,
        18.23,
        0.0,
        42.4,
        27.12,
        26.93,
        38.47,
        37.68
      ],
      [
        25.55,
        13.81,
        27.42,
        41.02,
        42.4,
        0.0,
        26.24,
        44.71,
        40.25,
        60.38
      ],
      [
        19.81,
        29.28,
        15.34,
        37.47,
        27.12,
        26.24,
        0.0,
        45.18,
        49.36,
        34.14
      ],
      [
        25.75,
        57.33,
        58.43,
        8.81,
        26.93,
        44.71,
        45.18,
        0.0,
        15.21,
        64.54
      ],
      [
        30.19,
        53.58,
        60.43,
        21.24,
        38.47,
        40.25,
        49.36,
        15.21,
        0.0,
        74.61
      ],
      [
        46.04,
        61.47,
        40.23,
        55.76,
        37.68,
        60.38,
        34.14,
        64.54,
        74.61,
        0.0
      ]
    ],
    "protan": [
      [
        0.0,
        42.37,
        36.78,
        13.98,
        28.42,
        25.97,
        35.56,
        21.89,
        22.47,
        51.36
      ],
      [
        42.37,
        0.0,
        18.45,
        55.05,
        51.47,
        23.91,
        29.02,
        62.19,
        56.45,
        60.73
      ],
      [
        36.78,
        18.45,
        0.0,
        47.26,
        36.06,
        30.52,
        10.7,
        58.13,
        56.45,
        42.44
      ],
      [
        13.98,
        55.05,
        47.26,
        0.0,
        26.77,
        39.64,
        43.64,
        14.96,
        24.46,
        50.89
      ],
      [
        28.42,
        51.47,
        36.06,
        26.77,
        0.0,
        47.25,
        27.31,
        41.72,
        49.12,
        24.17
      ],
      [
        25.97,
        23.91,
        30.52,
        39.64,
        47.25,
        0.0,
        36.82,
        42.75,
        34.2,
        64.76
      ],
      [
        35.56,
        29.02,
        10.7,
        43.64,
        27.31,
        36.82,
        0.0,
        56.36,
        57.22,
        31.85
      ],
      [
        21.89,
        62.19,
        58.13,
        14.96,
        41.72,
        42.75,
        56.36,
        0.0,
        14.52,
        65.83
      ],
      [
        22.47,
        56.45,
        56.45,
        24.46,
        49.12,
        34.2,
        57.22,
        14.52,
        0.0,
        72.97
      ],
      [
        51.36,
        60.73,
        42.44,
        50.89,
        24.17,
        64.76,
        31.85,
        65.83,
        72.97,
        0.0
      ]
    ],
    "tritan": [
      [
        0.0,
        38.56,
        16.34,
        45.8,
        63.33,
        13.7,
        49.95,
        24.11,
        41.48,
        52.67
      ],
      [
        38.56,
        0.0,
        40.13,
        16.74,
        36.49,
        39.88,
        26.33,
        21.45,
        21.17,
        57.18
      ],
      [
        16.34,
        40.13,
        0.0,
        47.02,
        59.42,
        28.4,
        44.82,
        33.11,
        50.18,
        38.89
      ],
      [
        45.8,
        16.74,
        47.02,
        0.0,
        23.77,
        49.49,
        18.64,
        25.86,
        24.34,
        55.18
      ],
      [
        63.33,
        36.49,
        59.42,
        23.77,
        0.0,
        70.08,
        15.2,
        47.86,
        47.82,
        50.53
      ],
      [
        13.7,
        39.88,
        28.4,
        49.49,
        70.08,
        0.0,
        57.36,
        24.76,
        38.17,
        65.64
      ],
      [
        49.95,
        26.33,
        44.82,
        18.64,
        15.2,
        57.36,
        0.0,
        37.6,
        41.71,
        40.66
      ],
      [
        24.11,
        21.45,
        33.11,
        25.86,
        47.86,
        24.76,
        37.6,
        0.0,
        18.32,
        58.51
      ],
      [
        41.48,
        21.17,
        50.18,
        24.34,
        47.82,
        38.17,
        41.71,
        18.32,
        0.0,
        72.29
      ],
      [
        52.67,
        57.18,
        38.89,
        55.18,
        50.53,
        65.64,
        40.66,
        58.51,
        72.29,
        0.0
      ]
    ],
    "worstCvd": [
      [
        0.0,
        36.19,
        16.34,
        13.98,
        17.44,
        13.7,
        19.81,
        21.89,
        22.47,
        46.04
      ],
      [
        36.19,
        0.0,
        18.45,
        16.74,
        36.49,
        13.81,
        26.33,
        21.45,
        21.17,
        57.18
      ],
      [
        16.34,
        18.45,
        0.0,
        47.02,
        36.06,
        27.42,
        10.7,
        33.11,
        50.18,
        38.89
      ],
      [
        13.98,
        16.74,
        47.02,
        0.0,
        18.23,
        39.64,
        18.64,
        8.81,
        21.24,
        50.89
      ],
      [
        17.44,
        36.49,
        36.06,
        18.23,
        0.0,
        42.4,
        15.2,
        26.93,
        38.47,
        24.17
      ],
      [
        13.7,
        13.81,
        27.42,
        39.64,
        42.4,
        0.0,
        26.24,
        24.76,
        34.2,
        60.38
      ],
      [
        19.81,
        26.33,
        10.7,
        18.64,
        15.2,
        26.24,
        0.0,
        37.6,
        41.71,
        31.85
      ],
      [
        21.89,
        21.45,
        33.11,
        8.81,
        26.93,
        24.76,
        37.6,
        0.0,
        14.52,
        58.51
      ],
      [
        22.47,
        21.17,
        50.18,
        21.24,
        38.47,
        34.2,
        41.71,
        14.52,
        0.0,
        72.29
      ],
      [
        46.04,
        57.18,
        38.89,
        50.89,
        24.17,
        60.38,
        31.85,
        58.51,
        72.29,
        0.0
      ]
    ]
  }
}
